roll_no,total_courses,passed_courses,pass_percentage
2023000009,2,2,100.0
2023000010,1,1,100.0
2023000017,1,1,100.0
2023000026,2,2,100.0
2023000028,4,4,100.0
2023000042,5,4,80.0
2023000047,2,2,100.0
2023000048,2,2,100.0
2023000067,1,1,100.0
2023000090,3,3,100.0
2023000099,1,1,100.0
2023000119,2,2,100.0
2023000128,2,1,50.0
2023000130,2,2,100.0
2023000179,3,2,66.67
2023000209,2,2,100.0
2023000253,2,2,100.0
2023000279,4,3,75.0
2023000287,2,2,100.0
2023000305,3,3,100.0
2023000318,1,1,100.0
2023000321,1,1,100.0
2023000332,1,1,100.0
2023000349,1,0,0.0
2023000357,1,1,100.0
2023000393,1,1,100.0
2023000412,3,2,66.67
2023000427,1,1,100.0
2023000430,1,1,100.0
2023000434,1,1,100.0
2023000436,1,1,100.0
2023000443,3,3,100.0
2023000451,2,2,100.0
2023000468,2,2,100.0
2023000470,2,2,100.0
2023000494,1,1,100.0
2023000532,2,2,100.0
2023000534,2,2,100.0
2023000563,1,1,100.0
2023000590,1,1,100.0
2023000633,4,3,75.0
2023000640,1,1,100.0
2023000647,1,1,100.0
2023000649,1,1,100.0
2023000652,4,3,75.0
2023000660,1,1,100.0
2023000670,1,1,100.0
2023000683,3,3,100.0
2023000694,4,4,100.0
2023000751,1,1,100.0
2023000760,1,1,100.0
2023000779,3,3,100.0
2023000787,1,1,100.0
2023000788,3,3,100.0
2023000812,3,3,100.0
2023000815,1,1,100.0
2023000820,2,2,100.0
2023000831,4,3,75.0
2023000862,3,3,100.0
2023000873,1,1,100.0
2023000874,1,1,100.0
2023000883,1,1,100.0
2023000886,3,3,100.0
2023000893,1,1,100.0
2023000897,3,3,100.0
2023000904,1,1,100.0
2023000915,2,2,100.0
2023000919,1,1,100.0
2023000966,1,1,100.0
2023000970,4,4,100.0
2023001020,2,1,50.0
2023001055,2,2,100.0
2023001064,1,1,100.0
2023001072,4,4,100.0
2023001080,1,1,100.0
2023001105,1,1,100.0
2023001164,2,2,100.0
2023001197,1,1,100.0
2023001209,4,3,75.0
2023001215,3,3,100.0
2023001231,3,3,100.0
2023001244,3,3,100.0
2023001262,1,1,100.0
2023001266,2,2,100.0
2023001298,2,2,100.0
2023001311,1,1,100.0
2023001338,3,2,66.67
2023001342,4,4,100.0
2023001344,1,1,100.0
2023001354,1,1,100.0
2023001358,1,1,100.0
2023001382,1,1,100.0
2023001391,1,1,100.0
2023001422,1,1,100.0
2023001440,1,0,0.0
2023001484,1,1,100.0
2023001491,1,1,100.0
2023001493,1,1,100.0
2023001599,4,4,100.0
2023001605,1,1,100.0
2023001651,4,4,100.0
2023001673,1,0,0.0
2023001729,1,1,100.0
2023001733,3,3,100.0
2023001746,3,3,100.0
2023001757,3,3,100.0
2023001763,3,3,100.0
2023001769,2,1,50.0
2023001773,3,3,100.0
2023001787,3,3,100.0
2023001791,1,1,100.0
2023001795,1,1,100.0
2023001923,1,1,100.0
2023002026,1,1,100.0
2023002050,1,1,100.0
2023002087,1,1,100.0
2023002115,1,1,100.0
2023002136,4,3,75.0
2023002189,4,4,100.0
2023002198,4,4,100.0
2023002205,1,1,100.0
2023002307,2,2,100.0
2023002330,3,3,100.0
2023002339,1,0,0.0
2023002343,1,1,100.0
2023002347,3,3,100.0
2023002349,2,2,100.0
2023002352,1,1,100.0
2023002385,1,0,0.0
2023002389,1,1,100.0
2023002397,2,2,100.0
2023002455,5,5,100.0
2023002529,2,2,100.0
2023002608,2,1,50.0
2023002640,1,1,100.0
2023002725,3,3,100.0
2023002800,1,1,100.0
2023002808,2,2,100.0
2023002925,3,2,66.67
2023003038,3,3,100.0
2023003112,1,1,100.0
2023003172,1,1,100.0
2023003226,1,1,100.0
2023003339,1,1,100.0
2023003368,1,1,100.0
2023003404,1,0,0.0
2023003408,1,1,100.0
2023003410,3,3,100.0
2023003458,1,1,100.0
2023003476,2,2,100.0
2023003492,4,4,100.0
2023003548,1,0,0.0
2023003550,1,1,100.0
2023003557,3,2,66.67
2023003730,1,1,100.0
2023003773,4,4,100.0
2023003850,3,3,100.0
2023003857,2,2,100.0
2023003903,5,4,80.0
2023003924,1,1,100.0
2023003946,1,1,100.0
2023003966,1,1,100.0
2023003971,1,1,100.0
2023004014,2,2,100.0
2023004071,2,2,100.0
2023004148,2,2,100.0
2023004160,3,3,100.0
2023004180,1,1,100.0
2023004193,2,2,100.0
2023004229,1,0,0.0
2023004283,1,1,100.0
2023004376,3,3,100.0
2023004408,1,1,100.0
2023004411,2,2,100.0
2023004559,1,1,100.0
2023004573,1,1,100.0
2023004604,2,2,100.0
2023004640,3,3,100.0
2023004985,1,1,100.0
2023005082,4,4,100.0
2023005182,2,2,100.0
2023005387,3,2,66.67
2023005411,1,0,0.0
2023005619,1,1,100.0
2023005692,1,1,100.0
2023006198,1,1,100.0
2023006223,4,4,100.0
2023006246,1,1,100.0
2023006551,1,1,100.0
2023006766,1,0,0.0
2023006791,4,3,75.0
